110
57
66
3
1
0
0
0
3
1
46
46
46
129
15
36
192
0
1
9
8
168
191
47
248
183
199
125
64
194
193
61
1
20
26
16
220
25
20
128
128
174
158
48
128
14
245
252
5
141
244
126
20
52
52
220
31
48
96
67
159
189
221
226
30
253
237
242
15
250
240
96
55
104
96
136
63
192
192
195
2
188
65
3
34
252
227
231
31
246
193
63
127
223
160
79
15
118
131
136
6
248
3
36
64
24
188
43
52
32
33
127
254
255
32
31
9
253
248
249
8
252
16
120
151
79
248
151
199
251
64
194
130
252
0
8
38
28
232
13
32
48
177
47
47
15
161
143
125
243
118
137
124
116
184
247
19
56
200
251
227
224
226
225
61
97
2
29
252
237
236
24
249
184
55
183
175
160
119
135
123
194
67
66
252
2
34
30
12
210
33
28
160
128
79
31
128
96
143
119
253
1
135
248
126
252
27
12
240
3
28
0
timestamp_low: 54671726
bfee_count: 1
Nrx: 3
Ntx: 1
rssi_a: 46
rssi_b: 46
rssi_c: 46
noise: 129
agc: 15
antenna_sel: 36
len: 192
fake_rate_n_flags: 2305
calc_len: 192
