[[7.0],
 [8.5, 11.5],
 [11.25, 18.0, 13.75],
 [14.625, 16.625, 22.875, 8.875],
 [15.3125, 16.625, 23.75, 24.875, 5.4375],
 [15.65625, 16.96875, 28.1875, 32.3125, 19.15625, 3.71875],
 [14.828125, 25.3125, 28.578125, 31.25, 29.734375, 16.4375, 5.859375],
 [12.4140625, 26.0703125, 31.9453125, 34.9140625, 36.4921875, 32.0859375, 16.1484375, 8.9296875],
 [11.20703125, 24.2421875, 33.0078125, 40.4296875, 44.703125, 37.2890625, 29.1171875, 17.5390625, 5.46484375],
 [12.603515625, 22.724609375, 35.625, 45.71875, 49.56640625, 44.99609375, 40.203125, 26.328125, 14.501953125, 3.732421875],
 [10.3017578125, 23.6640625, 33.1748046875, 45.671875, 52.642578125, 55.28125, 50.599609375, 36.265625, 22.4150390625, 13.1171875, 4.8662109375],
 [6.15087890625, 17.98291015625, 31.41943359375, 42.42333984375, 50.1572265625, 59.9619140625, 58.9404296875, 48.4326171875, 34.34033203125, 21.76611328125, 12.99169921875, 4.43310546875],
 [12.075439453125, 21.06689453125, 33.701171875, 38.92138671875, 47.290283203125, 64.0595703125, 60.451171875, 62.6865234375, 43.386474609375, 37.05322265625, 22.37890625, 15.71240234375, 11.216552734375],
 [10.0377197265625, 19.5711669921875, 30.384033203125, 43.311279296875, 50.1058349609375, 64.6749267578125, 65.25537109375, 67.56884765625, 54.0364990234375, 43.2198486328125, 37.716064453125, 27.045654296875, 16.4644775390625, 12.6082763671875],
 [8.01885986328125, 20.804443359375, 32.97760009765625, 37.84765625, 51.70855712890625, 60.390380859375, 73.96514892578125, 71.412109375, 68.80267333984375, 51.628173828125, 48.46795654296875, 33.380859375, 29.75506591796875, 17.536376953125, 9.30413818359375],
 [12.009429931640625, 17.411651611328125, 28.891021728515625, 38.412628173828125, 47.778106689453125, 61.049468994140625, 72.17776489257812, 80.68862915039062, 75.10739135742188, 64.21542358398438, 52.048065185546875, 48.924407958984375, 37.567962646484375, 30.645721435546875, 19.420257568359375, 13.652069091796875],
 [14.004714965820312, 15.710540771484375, 31.151336669921875, 34.651824951171875, 51.095367431640625, 58.413787841796875, 72.61361694335938, 78.43319702148438, 79.89801025390625, 70.66140747070312, 65.13174438476562, 59.486236572265625, 47.246185302734375, 36.106842041015625, 28.032989501953125, 19.536163330078125, 10.826034545898438],
 [9.002357482910156, 22.857627868652344, 27.430938720703125, 34.901580810546875, 44.87359619140625, 63.75457763671875, 74.51370239257812, 77.52340698242188, 87.16560363769531, 78.27970886230469, 71.89657592773438, 71.30899047851562, 59.3662109375, 44.676513671875, 41.069915771484375, 27.784576416015625, 21.18109893798828, 14.413017272949219],
 [11.501178741455078, 24.92999267578125, 32.144283294677734, 35.166259765625, 48.88758850097656, 61.3140869140625, 75.13414001464844, 82.0185546875, 84.3445053100586, 90.72265625, 84.08814239501953, 75.602783203125, 66.33760070800781, 60.0213623046875, 43.87321472167969, 41.42724609375, 26.482837677001953, 18.79705810546875, 13.20650863647461],
 [14.750589370727539, 20.215585708618164, 36.53713798522949, 39.65527153015137, 46.02692413330078, 57.10083770751953, 75.22411346435547, 87.57634735107422, 88.1815299987793, 91.5335807800293, 88.40539932250977, 81.84546279907227, 75.9701919555664, 64.17948150634766, 58.947288513183594, 45.650230407714844, 42.95504188537598, 30.63994789123535, 19.00178337097168, 9.603254318237305],
 [12.37529468536377, 19.48308753967285, 29.376361846923828, 44.09620475769043, 49.841097831726074, 60.563880920410156, 69.1624755859375, 83.40023040771484, 95.87893867492676, 98.8575553894043, 94.96949005126953, 90.12543106079102, 84.90782737731934, 76.07483673095703, 67.56338500976562, 54.29875946044922, 45.30263614654541, 44.797494888305664, 31.820865631103516, 23.302518844604492, 13.801627159118652],
 [12.187647342681885, 22.92919111251831, 25.42972469329834, 44.73628330230713, 54.96865129470825, 62.202489376068115, 69.86317825317383, 79.28135299682617, 95.6395845413208, 102.36824703216553, 100.91352272033691, 99.54746055603027, 90.51662921905518, 84.49133205413818, 77.81911087036133, 67.93107223510742, 57.800697803497314, 46.05006551742554, 41.30918025970459, 29.561692237854004, 25.552073001861572, 10.900813579559326],
 [8.093823671340942, 19.558419227600098, 30.179457902908325, 38.083003997802734, 54.85246729850769, 61.585570335388184, 70.03283381462097, 83.572265625, 89.46046876907349, 103.00391578674316, 106.64088487625122, 107.2304916381836, 101.03204488754272, 93.50398063659668, 84.15522146224976, 74.87509155273438, 69.86588501930237, 53.925381660461426, 47.67962288856506, 43.4354362487793, 32.55688261985779, 23.22644329071045, 9.450406789779663],
 [11.046911835670471, 17.82612144947052, 28.86893856525421, 39.13123095035553, 54.46773564815521, 61.21901881694794, 68.80920207500458, 84.80254971981049, 87.51636719703674, 104.23219227790833, 110.82240033149719, 109.93568825721741, 106.13126826286316, 98.2680127620697, 94.82960104942322, 81.51515650749207, 78.37048828601837, 65.8956333398819, 56.802502274513245, 48.55752956867218, 45.99615943431854, 29.89166295528412, 25.338425040245056, 10.725203394889832],
 [6.523455917835236, 16.436516642570496, 27.347530007362366, 35.00008475780487, 49.79948329925537, 60.843377232551575, 70.01411044597626, 79.80587589740753, 90.15945845842361, 104.87427973747253, 113.52729630470276, 113.3790442943573, 116.03347826004028, 108.19964051246643, 101.54880690574646, 97.17237877845764, 80.94282239675522, 77.13306081295013, 64.34906780719757, 54.68001592159271, 53.27684450149536, 45.94391119480133, 35.61504399776459, 23.031814217567444, 8.362601697444916],
 [5.261727958917618, 13.479986280202866, 28.89202332496643, 40.17380738258362, 45.39978402853012, 58.32143026590347, 67.42874383926392, 82.9099931716919, 90.98266717791557, 106.51686909794807, 117.20078802108765, 117.45317029953003, 118.70626127719879, 121.11655938625336, 109.87422370910645, 107.36059284210205, 91.05760058760643, 85.03794160485268, 73.74106431007385, 63.51454186439514, 61.97843021154404, 53.610377848148346, 49.77947759628296, 32.323429107666016, 23.69720795750618, 12.181300848722458],
 [9.630863979458809, 16.37085711956024, 28.186004802584648, 43.532915353775024, 49.78679570555687, 56.8606071472168, 64.8750870525837, 82.1693685054779, 95.94633017480373, 100.74976813793182, 116.85882855951786, 118.32697916030884, 127.07971578836441, 121.91141033172607, 121.4953915476799, 113.61740827560425, 102.20909671485424, 97.04777109622955, 82.38950295746326, 73.6278030872345, 69.74648603796959, 60.79440402984619, 56.69492772221565, 45.05145335197449, 30.010318532586098, 25.93925440311432, 15.090650424361229],
 [11.815431989729404, 20.000860549509525, 28.278430961072445, 41.859460078179836, 54.65985552966595, 60.32370142638683, 65.86784709990025, 78.5222277790308, 97.05784934014082, 100.34804915636778, 112.80429834872484, 124.59290385991335, 129.70334747433662, 128.49556306004524, 128.703400939703, 119.55639991164207, 113.91325249522924, 108.6284339055419, 91.71863702684641, 79.00865302234888, 79.68714456260204, 67.27044503390789, 67.74466587603092, 58.87319053709507, 42.53088594228029, 34.97478646785021, 23.514952413737774, 13.545325212180614],
 [10.907715994864702, 24.908146269619465, 28.139645755290985, 40.06894551962614, 53.25965780392289, 64.49177847802639, 68.09577426314354, 77.19503743946552, 93.79003855958581, 101.7029492482543, 111.57617375254631, 121.6986011043191, 136.148125667125, 134.09945526719093, 136.59948199987411, 133.12990042567253, 121.73482620343566, 115.27084320038557, 101.17353546619415, 87.36364502459764, 85.34789879247546, 74.47879479825497, 71.5075554549694, 66.308928206563, 55.70203823968768, 41.75283620506525, 31.24486944079399, 22.530138812959194, 7.772662606090307],
 [5.453857997432351, 17.907931132242084, 26.523896012455225, 34.10429563745856, 46.664301661774516, 58.87571814097464, 66.29377637058496, 72.64540585130453, 85.49253799952567, 97.74649390392005, 106.6395615004003, 116.6373874284327, 128.92336338572204, 135.12379046715796, 135.34946863353252, 134.86469121277332, 127.4323633145541, 118.50283470191061, 108.22218933328986, 94.2685902453959, 86.35577190853655, 79.91334679536521, 72.99317512661219, 68.9082418307662, 61.00548322312534, 48.727437222376466, 36.49885282292962, 26.887504126876593, 15.15140070952475, 3.8863313030451536]]
